2026-04-12 16:50:16.309 INFO::Writing function arguments to log file
2026-04-12 16:50:16.310197 DEBUG::Function arguments
2026-04-12 16:50:16.31068 DEBUG::Output folder: ALL_VAR_MAASLIN_CELL
2026-04-12 16:50:16.311155 DEBUG::Formula: ~ Termness + Sex + Delivery_mode + Feeding_method + Antibiotics + Probiotics + Ethnicity + Read_depth + acetate + propionate + isobutyrate + butyrate
2026-04-12 16:50:16.311602 DEBUG::Fixed effects:
2026-04-12 16:50:16.312048 DEBUG::Reference:
2026-04-12 16:50:16.312488 DEBUG::Random effects:
2026-04-12 16:50:16.312929 DEBUG::Group effects:
2026-04-12 16:50:16.313375 DEBUG::Ordered effects:
2026-04-12 16:50:16.313789 DEBUG::Strata effects:
2026-04-12 16:50:16.314227 DEBUG::Min Abundance: 0.000100
2026-04-12 16:50:16.316512 DEBUG::Min Prevalence: 0.100000
2026-04-12 16:50:16.317409 DEBUG::Max Prevalence: 1.010000
2026-04-12 16:50:16.318231 DEBUG::Zero Threshold: 0.000000
2026-04-12 16:50:16.319221 DEBUG::Min variance: 0.000000
2026-04-12 16:50:16.320044 DEBUG::Max significance: 0.100000
2026-04-12 16:50:16.320844 DEBUG::Normalization: NONE
2026-04-12 16:50:16.321667 DEBUG::Transform: LOG
2026-04-12 16:50:16.322261 DEBUG::Correction method: BH
2026-04-12 16:50:16.32273 DEBUG::Standardize: FALSE
2026-04-12 16:50:16.323192 DEBUG::Abundance median comparison: FALSE
2026-04-12 16:50:16.323687 DEBUG::Prevalence median comparison: FALSE
2026-04-12 16:50:16.324148 DEBUG::Abundance median comparison threshold: 0
2026-04-12 16:50:16.324596 DEBUG::Prevalence median comparison threshold: 0
2026-04-12 16:50:16.32504 DEBUG::Subtract median: FALSE
2026-04-12 16:50:16.325494 DEBUG::Warn prevalence: TRUE
2026-04-12 16:50:16.325975 DEBUG::Small random effects: FALSE
2026-04-12 16:50:16.326461 DEBUG::Augment: TRUE
2026-04-12 16:50:16.326928 DEBUG::Evaluate only:
2026-04-12 16:50:16.327431 DEBUG::Cores: 1
2026-04-12 16:50:16.327896 DEBUG::Balanced Summary plot: FALSE
2026-04-12 16:50:16.328392 INFO::Verifying options selected are valid
2026-04-12 16:50:16.329737 INFO::Determining format of input files
2026-04-12 16:50:16.330817 INFO::Input format is data samples as rows and metadata samples as rows
2026-04-12 16:50:16.331884 DEBUG::A total of 46 samples were found in both the data and metadata
2026-04-12 16:50:16.33242 DEBUG::Reordering data/metadata to use same sample ordering
2026-04-12 16:50:16.333318 INFO::Running selected normalization method: NONE
2026-04-12 16:50:16.33482 INFO::Writing normalized data to file ALL_VAR_MAASLIN_CELL/features/data_norm.tsv
2026-04-12 16:50:16.33663 INFO::Filter data based on min abundance, min prevalence, and max prevalence
2026-04-12 16:50:16.337769 INFO::Total samples in data: 46
2026-04-12 16:50:16.338915 INFO::Min samples required with min abundance for a feature not to be filtered: 4.600000
2026-04-12 16:50:16.340006 INFO::Max samples allowed with min abundance for a feature not to be filtered: 46.460000
2026-04-12 16:50:16.355702 INFO::Total filtered features: 0
2026-04-12 16:50:16.358559 INFO::Filtered feature names from abundance, min prevalence, and max prevalence filtering:
2026-04-12 16:50:16.361122 INFO::Total features filtered by non-zero variance filtering: 0
2026-04-12 16:50:16.363443 INFO::Filtered feature names from variance filtering:
2026-04-12 16:50:16.366366 INFO::Writing filtered data to file ALL_VAR_MAASLIN_CELL/features/filtered_data.tsv
2026-04-12 16:50:16.370213 INFO::Running selected transform method: LOG
2026-04-12 16:50:16.372615 INFO::Writing normalized, filtered, transformed data to file ALL_VAR_MAASLIN_CELL/features/data_transformed.tsv
2026-04-12 16:50:16.374757 INFO::Factor detected for categorial metadata 'Termness'. Using as-is.
2026-04-12 16:50:16.375959 INFO::Factor detected for categorial metadata 'Sex'. Using as-is.
2026-04-12 16:50:16.377104 INFO::Factor detected for categorial metadata 'Delivery_mode'. Using as-is.
2026-04-12 16:50:16.378236 INFO::Factor detected for categorial metadata 'Feeding_method'. Using as-is.
2026-04-12 16:50:16.379358 INFO::Factor detected for categorial metadata 'Antibiotics'. Using as-is.
2026-04-12 16:50:16.380561 INFO::Factor detected for categorial metadata 'Probiotics'. Using as-is.
2026-04-12 16:50:16.381799 INFO::Factor detected for categorial metadata 'Ethnicity'. Using as-is.
2026-04-12 16:50:16.382991 INFO::Bypass z-score application to metadata
2026-04-12 16:50:16.38413 INFO::Running the linear model component
2026-04-12 16:50:16.389848 DEBUG::Object: augment, Size: 56
2026-04-12 16:50:16.39049 DEBUG::Object: cluster, Size: 0
2026-04-12 16:50:16.391047 DEBUG::Object: cores, Size: 56
2026-04-12 16:50:16.391549 DEBUG::Object: correction, Size: 112
2026-04-12 16:50:16.392094 DEBUG::Object: extract_out, Size: 4216
2026-04-12 16:50:16.392597 DEBUG::Object: feature_specific_covariate, Size: 0
2026-04-12 16:50:16.393113 DEBUG::Object: feature_specific_covariate_name, Size: 0
2026-04-12 16:50:16.393598 DEBUG::Object: feature_specific_covariate_record, Size: 0
2026-04-12 16:50:16.394102 DEBUG::Object: features, Size: 5024
2026-04-12 16:50:16.394591 DEBUG::Object: formula, Size: 3808
2026-04-12 16:50:16.395115 DEBUG::Object: fun_list, Size: 58768
2026-04-12 16:50:16.395733 DEBUG::Object: func_to_run, Size: 435336
2026-04-12 16:50:16.39626 DEBUG::Object: groups, Size: 48
2026-04-12 16:50:16.396797 DEBUG::Object: median_comparison, Size: 56
2026-04-12 16:50:16.397303 DEBUG::Object: median_comparison_threshold, Size: 56
2026-04-12 16:50:16.397855 DEBUG::Object: metadata, Size: 19840
2026-04-12 16:50:16.398635 DEBUG::Object: model, Size: 112
2026-04-12 16:50:16.399431 DEBUG::Object: model_function, Size: 8864
2026-04-12 16:50:16.400202 DEBUG::Object: ordereds, Size: 48
2026-04-12 16:50:16.400945 DEBUG::Object: random_effects_formula, Size: 0
2026-04-12 16:50:16.401496 DEBUG::Object: ranef_function, Size: 0
2026-04-12 16:50:16.402028 DEBUG::Object: save_models, Size: 56
2026-04-12 16:50:16.402532 DEBUG::Object: small_random_effects, Size: 56
2026-04-12 16:50:16.403057 DEBUG::Object: strata, Size: 48
2026-04-12 16:50:16.403571 DEBUG::Object: subtract_median, Size: 56
2026-04-12 16:50:16.404083 DEBUG::Object: summary_function, Size: 49424
2026-04-12 16:50:16.404619 DEBUG::Object: func_to_run, Size: 435336
2026-04-12 16:50:16.405452 INFO::Fitting model to feature number 1, AC
2026-04-12 16:50:16.411846 INFO::Fitting model to feature number 2, BC
2026-04-12 16:50:16.418186 INFO::Fitting model to feature number 3, PC
2026-04-12 16:50:16.428971 INFO::Counting total values for each feature
2026-04-12 16:50:16.431483 INFO::Running the logistic model component
2026-04-12 16:50:16.437662 DEBUG::Object: augment, Size: 56
2026-04-12 16:50:16.438512 DEBUG::Object: cluster, Size: 0
2026-04-12 16:50:16.439104 DEBUG::Object: cores, Size: 56
2026-04-12 16:50:16.440108 DEBUG::Object: correction, Size: 112
2026-04-12 16:50:16.440771 DEBUG::Object: extract_out, Size: 4216
2026-04-12 16:50:16.441343 DEBUG::Object: feature_specific_covariate, Size: 0
2026-04-12 16:50:16.441994 DEBUG::Object: feature_specific_covariate_name, Size: 0
2026-04-12 16:50:16.44258 DEBUG::Object: feature_specific_covariate_record, Size: 0
2026-04-12 16:50:16.443255 DEBUG::Object: features, Size: 4736
2026-04-12 16:50:16.44406 DEBUG::Object: formula, Size: 3808
2026-04-12 16:50:16.44474 DEBUG::Object: fun_list, Size: 70920
2026-04-12 16:50:16.445466 DEBUG::Object: func_to_run, Size: 435336
2026-04-12 16:50:16.446077 DEBUG::Object: groups, Size: 48
2026-04-12 16:50:16.446807 DEBUG::Object: median_comparison, Size: 56
2026-04-12 16:50:16.447495 DEBUG::Object: median_comparison_threshold, Size: 56
2026-04-12 16:50:16.44807 DEBUG::Object: metadata, Size: 19840
2026-04-12 16:50:16.448706 DEBUG::Object: model, Size: 120
2026-04-12 16:50:16.449463 DEBUG::Object: model_function, Size: 21016
2026-04-12 16:50:16.450075 DEBUG::Object: ordereds, Size: 48
2026-04-12 16:50:16.450708 DEBUG::Object: random_effects_formula, Size: 0
2026-04-12 16:50:16.451292 DEBUG::Object: ranef_function, Size: 0
2026-04-12 16:50:16.451918 DEBUG::Object: save_models, Size: 56
2026-04-12 16:50:16.452602 DEBUG::Object: small_random_effects, Size: 56
2026-04-12 16:50:16.453305 DEBUG::Object: strata, Size: 48
2026-04-12 16:50:16.453979 DEBUG::Object: subtract_median, Size: 56
2026-04-12 16:50:16.454799 DEBUG::Object: summary_function, Size: 49424
2026-04-12 16:50:16.455557 DEBUG::Object: func_to_run, Size: 435336
2026-04-12 16:50:16.456518 INFO::Fitting model to feature number 1, AC
2026-04-12 16:50:16.459563 INFO::Fitting model to feature number 2, BC
2026-04-12 16:50:16.462631 INFO::Fitting model to feature number 3, PC
2026-04-12 16:50:16.468847 INFO::Counting total values for each feature
2026-04-12 16:50:16.470958 INFO::Re-running abundances for warn_prevalence
2026-04-12 16:50:16.472466 INFO::Running selected normalization method: TSS
2026-04-12 16:50:16.47437 INFO::Running selected transform method: LOG
2026-04-12 16:50:16.480467 DEBUG::Object: augment, Size: 56
2026-04-12 16:50:16.481213 DEBUG::Object: cluster, Size: 0
2026-04-12 16:50:16.481942 DEBUG::Object: cores, Size: 56
2026-04-12 16:50:16.482541 DEBUG::Object: correction, Size: 112
2026-04-12 16:50:16.483124 DEBUG::Object: extract_out, Size: 4216
2026-04-12 16:50:16.483648 DEBUG::Object: feature_specific_covariate, Size: 0
2026-04-12 16:50:16.484284 DEBUG::Object: feature_specific_covariate_name, Size: 0
2026-04-12 16:50:16.484977 DEBUG::Object: feature_specific_covariate_record, Size: 0
2026-04-12 16:50:16.485742 DEBUG::Object: features, Size: 5024
2026-04-12 16:50:16.486514 DEBUG::Object: formula, Size: 3808
2026-04-12 16:50:16.487239 DEBUG::Object: fun_list, Size: 58768
2026-04-12 16:50:16.488021 DEBUG::Object: func_to_run, Size: 435336
2026-04-12 16:50:16.488728 DEBUG::Object: groups, Size: 48
2026-04-12 16:50:16.502431 DEBUG::Object: median_comparison, Size: 56
2026-04-12 16:50:16.503282 DEBUG::Object: median_comparison_threshold, Size: 56
2026-04-12 16:50:16.504043 DEBUG::Object: metadata, Size: 19840
2026-04-12 16:50:16.504918 DEBUG::Object: model, Size: 112
2026-04-12 16:50:16.5056 DEBUG::Object: model_function, Size: 8864
2026-04-12 16:50:16.506247 DEBUG::Object: ordereds, Size: 48
2026-04-12 16:50:16.506853 DEBUG::Object: random_effects_formula, Size: 0
2026-04-12 16:50:16.507467 DEBUG::Object: ranef_function, Size: 0
2026-04-12 16:50:16.50835 DEBUG::Object: save_models, Size: 56
2026-04-12 16:50:16.508981 DEBUG::Object: small_random_effects, Size: 56
2026-04-12 16:50:16.509709 DEBUG::Object: strata, Size: 48
2026-04-12 16:50:16.51038 DEBUG::Object: subtract_median, Size: 56
2026-04-12 16:50:16.511097 DEBUG::Object: summary_function, Size: 49424
2026-04-12 16:50:16.511734 DEBUG::Object: func_to_run, Size: 435336
2026-04-12 16:50:16.512759 INFO::Fitting model to feature number 1, AC
2026-04-12 16:50:16.519172 INFO::Fitting model to feature number 2, BC
2026-04-12 16:50:16.526435 INFO::Fitting model to feature number 3, PC
2026-04-12 16:50:16.547673 WARNING::Deleting existing model objects file: ALL_VAR_MAASLIN_CELL/fits/models_linear.rds
2026-04-12 16:50:16.549378 INFO::Writing model objects to file ALL_VAR_MAASLIN_CELL/fits/models_linear.rds
2026-04-12 16:50:16.563166 WARNING::Deleting existing residuals file: ALL_VAR_MAASLIN_CELL/fits/residuals_linear.rds
2026-04-12 16:50:16.565035 INFO::Writing residuals to file ALL_VAR_MAASLIN_CELL/fits/residuals_linear.rds
2026-04-12 16:50:16.566602 WARNING::Deleting existing fitted file: ALL_VAR_MAASLIN_CELL/fits/fitted_linear.rds
2026-04-12 16:50:16.568172 INFO::Writing fitted values to file ALL_VAR_MAASLIN_CELL/fits/fitted_linear.rds
2026-04-12 16:50:16.569822 WARNING::Deleting existing model objects file: ALL_VAR_MAASLIN_CELL/fits/models_logistic.rds
2026-04-12 16:50:16.571638 INFO::Writing model objects to file ALL_VAR_MAASLIN_CELL/fits/models_logistic.rds
2026-04-12 16:50:16.573249 WARNING::Deleting existing residuals file: ALL_VAR_MAASLIN_CELL/fits/residuals_logistic.rds
2026-04-12 16:50:16.574844 INFO::Writing residuals to file ALL_VAR_MAASLIN_CELL/fits/residuals_logistic.rds
2026-04-12 16:50:16.576265 WARNING::Deleting existing fitted file: ALL_VAR_MAASLIN_CELL/fits/fitted_logistic.rds
2026-04-12 16:50:16.577846 INFO::Writing fitted values to file ALL_VAR_MAASLIN_CELL/fits/fitted_logistic.rds
2026-04-12 16:50:16.57997 INFO::Writing all the results to file (ordered 
            by increasing individual q-values): ALL_VAR_MAASLIN_CELL/all_results.tsv
2026-04-12 16:50:16.583161 INFO::Writing the significant results without errors (those which have joint q-values less than or equal to the threshold of 0.100000 ) to file (ordered by increasing individual q-values): ALL_VAR_MAASLIN_CELL/significant_results.tsv
2026-04-12 16:50:16.585669 INFO::Writing summary plot of significant
                        results to file: ALL_VAR_MAASLIN_CELL/figures/summary_plot.pdf
2026-04-12 16:50:17.753578 INFO::Writing association plots (one for each significant association) to output folder: ALL_VAR_MAASLIN_CELL/figures
2026-04-12 16:50:17.755427 INFO::Plotting associations from most to least significant, grouped by metadata
2026-04-12 16:50:17.758617 INFO::Creating box plot for categorical data (linear), 
                        Delivery_mode vs PC
2026-04-12 16:50:17.800457 INFO::Creating box plot for categorical data (linear), 
                        Delivery_mode vs BC
